Nairobi: [36.816670,-1.283330]
Rio:  [-43.2094, -22.911]
LA: [-118.2439, 34.0544]
Bangkok: [100.51667,
    13.75]
Tokyo: [ 139.77, 35.68]
Seattle: [ -122.3301, 47.6038]
Toronto: [-79.3849, 43.6529]
Paris: [2.35183, 48.85658]
Moscow: [37.61778, 55.75583]
Baghdad: [44.41667, 33.35]
